      1      2.0     7.0  
      1      2.0     7.4  
      1      2.0     9.5  
      1      2.1     7.2  
      1      2.1     7.3  
      1      2.1     7.6  
      1      2.1     8.1  
      1      2.1     8.2  
      1      2.1     8.3  
      1      2.1     8.5  
      1      2.1     8.7  
      1      2.1     9.8  
      1      2.2     7.1  
      1      2.2     8.7  
      1      2.2     9.1  
      1      2.2     9.7  
      1      2.2     10.9  
      1      2.2     11.0  
      1      2.3     7.3  
      1      2.3     7.9  
      1      2.3     8.4  
      1      2.3     9.0  
      1      2.3     9.0  
      1      2.3     9.5  
      1      2.3     9.6  
      1      2.3     9.7  
      1      2.3     10.1  
      1      2.3     10.1  
      1      2.3     10.6  
      1      2.3     11.2  
      1      2.4     6.3  
      1      2.4     8.7  
      1      2.4     8.8  
      1      2.4     10.2  
      1      2.5     9.0  
      1      2.5     10.9  
      1      2.6     8.7  
      1      2.6     10.1  
      1      2.6     10.1  
      1      2.7     8.5  
      1      2.7     10.2  
      1      2.7     10.8  
      1      2.9     9.9  
      1      2.9     10.1  
      1      2.9     10.1  
      1      3.0     10.6  
      1      3.0     13.0  
      2      2.0     6.5  
      2      2.0     6.5  
      2      2.1     10.1  
      2      2.2     7.2  
      2      2.2     7.6  
      2      2.2     7.9  
      2      2.2     8.5  
      2      2.2     9.1  
      2      2.2     9.6  
      2      2.2     9.6  
      2      2.2     10.7  
      2      2.3     9.6  
      2      2.4     7.3  
      2      2.4     7.9  
      2      2.4     7.9  
      2      2.4     9.1  
      2      2.4     9.3  
      2      2.5     7.9  
      2      2.5     8.6  
      2      2.5     8.8  
      2      2.5     8.8  
      2      2.5     9.3  
      2      2.5     11.0  
      2      2.5     12.7  
      2      2.5     12.7  
      2      2.6     7.7  
      2      2.6     8.3  
      2      2.6     9.4  
      2      2.6     9.4  
      2      2.6     10.5  
      2      2.6     11.5  
      2      2.7     8.0  
      2      2.7     9.0  
      2      2.7     9.6  
      2      2.7     9.6  
      2      2.7     9.8  
      2      2.7     10.4  
      2      2.7     11.1  
      2      2.7     12.0  
      2      2.7     12.5  
      2      2.8     9.1  
      2      2.8     10.0  
      2      2.8     10.2  
      2      2.8     11.4  
      2      2.8     12.0  
      2      2.8     13.3  
      2      2.8     13.5  
      2      2.9     9.4  
      2      2.9     10.1  
      2      2.9     10.6  
      2      2.9     11.3  
      2      2.9     11.8  
      2      3.0     10.0  
      2      3.0     10.4  
      2      3.0     10.6  
      2      3.0     11.6  
      2      3.0     12.2  
      2      3.0     12.4  
      2      3.0     12.7  
      2      3.0     13.3  
      2      3.0     13.8  
      2      3.1     9.9  
      2      3.1     11.5  
      2      3.1     12.1  
      2      3.1     12.5  
      2      3.1     13.0  
      2      3.1     14.3  
      2      3.2     11.6  
      2      3.2     11.9  
      2      3.2     12.3  
      2      3.2     13.0  
      2      3.2     13.5  
      2      3.2     13.6  
      2      3.3     11.5  
      2      3.3     12.0  
      2      3.3     14.1  
      2      3.3     14.9  
      2      3.3     15.4  
      2      3.4     11.2  
      2      3.4     12.2  
      2      3.4     12.4  
      2      3.4     12.8  
      2      3.4     14.4  
      2      3.5     11.7  
      2      3.5     12.9  
      2      3.5     15.6  
      2      3.5     15.7  
      2      3.5     17.2  
      2      3.6     11.8  
      2      3.6     13.3  
      2      3.6     14.8  
      2      3.6     15.0  
      2      3.7     11.0  
      2      3.8     14.8  
      2      3.8     16.8  
      2      3.9     14.4  
      2      3.9     20.5 